  0.0000000E+00 -2.500000000000000E-004  0.0000000E+00
  0.0000000E+00 -2.352941176470588E-004  0.0000000E+00
  0.0000000E+00 -2.205882352941177E-004  0.0000000E+00
  0.0000000E+00 -2.058823529411765E-004  0.0000000E+00
  0.0000000E+00 -1.911764705882353E-004  0.0000000E+00
  0.0000000E+00 -1.764705882352941E-004  0.0000000E+00
  0.0000000E+00 -1.617647058823530E-004  0.0000000E+00
  0.0000000E+00 -1.470588235294118E-004  0.0000000E+00
  0.0000000E+00 -1.323529411764706E-004  0.0000000E+00
  0.0000000E+00 -1.176470588235294E-004  0.0000000E+00
  0.0000000E+00 -1.029411764705883E-004  0.0000000E+00
  0.0000000E+00 -8.823529411764708E-005  0.0000000E+00
  0.0000000E+00 -7.352941176470590E-005  0.0000000E+00
  0.0000000E+00 -5.882352941176473E-005  0.0000000E+00
  0.0000000E+00 -4.411764705882355E-005  0.0000000E+00
  0.0000000E+00 -2.941176470588238E-005  0.0000000E+00
  0.0000000E+00 -1.470588235294120E-005  0.0000000E+00
  0.0000000E+00 -2.371692252312041E-020  0.0000000E+00
  0.0000000E+00  1.470588235294115E-005  0.0000000E+00
  0.0000000E+00  2.941176470588233E-005  0.0000000E+00
  0.0000000E+00  4.411764705882351E-005  0.0000000E+00
  0.0000000E+00  5.882352941176468E-005  0.0000000E+00
  0.0000000E+00  7.352941176470586E-005  0.0000000E+00
  0.0000000E+00  8.823529411764704E-005  0.0000000E+00
  0.0000000E+00  1.029411764705882E-004  0.0000000E+00
  0.0000000E+00  1.176470588235294E-004  0.0000000E+00
  0.0000000E+00  1.323529411764706E-004  0.0000000E+00
  0.0000000E+00  1.470588235294118E-004  0.0000000E+00
  0.0000000E+00  1.617647058823529E-004  0.0000000E+00
  0.0000000E+00  1.764705882352941E-004  0.0000000E+00
  0.0000000E+00  1.911764705882353E-004  0.0000000E+00
  0.0000000E+00  2.058823529411765E-004  0.0000000E+00
  0.0000000E+00  2.205882352941176E-004  0.0000000E+00
  0.0000000E+00  2.352941176470588E-004  0.0000000E+00
